[-0.996061,-0.0724378,0.0511454,0,-0.0617313,0.980515,0.186492,0,-0.0636579,0.1826,-0.981124,0,20.1605,179.119,16.8441,1,0.105044,0.0129618,-0.994383,0,-0.00436684,0.999911,0.0125726,0,0.994458,0.00302164,0.105091,0,-73.3484,142.542,11.3226,1,0.203259,0.0428579,0.978187,0,0.0743027,0.995486,-0.0590553,0,-0.976302,0.0846854,0.199157,0,115.085,141.924,1.884,1]
[-0.995868,-0.0741249,0.0524662,0,-0.0631611,0.980455,0.18633,0,-0.0652525,0.182246,-0.981085,0,20.1652,179.129,16.9015,1,0.1124,0.0877442,-0.989781,0,-0.0252261,0.996025,0.085433,0,0.993343,0.0153656,0.114167,0,-73.4059,142.407,11.2499,1,0.211251,0.0716437,0.974803,0,0.0770617,0.992985,-0.0896802,0,-0.974389,0.094065,0.204248,0,115.087,141.836,1.75898,1]
[-0.995641,-0.0753372,0.0549899,0,-0.0639343,0.980517,0.185739,0,-0.0679116,0.181414,-0.981059,0,20.1598,179.134,16.9663,1,0.058623,0.0236648,-0.998,0,-0.0841896,0.996275,0.0186785,0,0.994724,0.0829262,0.060397,0,-73.5035,141.545,11.8271,1,0.200772,0.00588443,0.97962,0,0.0881406,0.995818,-0.024046,0,-0.975665,0.0911721,0.199413,0,115.089,141.783,1.89315,1]
[-0.995644,-0.0767266,0.0529791,0,-0.0655143,0.979977,0.188026,0,-0.0663448,0.183736,-0.980734,0,20.1208,179.104,17.0205,1,0.0630373,0.0424125,-0.99711,0,-0.0657507,0.997102,0.0382554,0,0.995843,0.0631491,0.0656433,0,-73.2658,141.82,11.9416,1,0.194901,0.0254719,0.980492,0,0.0756902,0.996291,-0.040928,0,-0.977898,0.0821906,0.192251,0,114.924,141.898,1.88448,1]
[-0.995936,-0.0754215,0.0492316,0,-0.0649111,0.979986,0.188186,0,-0.0624396,0.184226,-0.980899,0,20.0849,179.097,17.0994,1,0.113788,0.0208224,-0.993287,0,-0.0160929,0.999688,0.019113,0,0.993375,0.01381,0.114088,0,-73.2629,142.337,11.4488,1,0.171534,-0.014286,0.985075,0,0.0579969,0.998307,0.00437869,0,-0.983469,0.0563802,0.172073,0,115.199,142.176,2.05967,1]
[-0.995736,-0.0772946,0.0503465,0,-0.0664695,0.979648,0.189396,0,-0.0639612,0.185242,-0.980609,0,20.0884,179.078,17.1598,1,0.145909,0.0599294,-0.987481,0,-0.0303213,0.997965,0.0560854,0,0.988833,0.0217584,0.14743,0,-73.3168,142.26,11.2507,1,0.212917,0.140467,0.966921,0,0.0144275,0.989052,-0.146859,0,-0.976964,0.045219,0.208559,0,114.682,142.523,1.69396,1]
[-0.995608,-0.0778536,0.0520005,0,-0.0665316,0.97912,0.192089,0,-0.0658695,0.187785,-0.979999,0,20.0998,179.048,17.2011,1,0.147213,-0.184112,-0.971819,0,0.0131927,0.982801,-0.184195,0,0.989017,0.0142949,0.14711,0,-72.8789,142.373,11.2566,1,0.249708,0.248375,0.935925,0,-0.00863262,0.967077,-0.254338,0,-0.968283,0.0554308,0.243631,0,114.488,142.495,1.06288,1]
[-0.995622,-0.0769221,0.0531102,0,-0.065343,0.979017,0.193016,0,-0.0668431,0.188701,-0.979757,0,20.1115,179.037,17.2276,1,0.0929994,-0.0269335,-0.995302,0,0.0229461,0.999427,-0.0249011,0,0.995402,-0.0205225,0.0935641,0,-72.9694,142.743,11.8456,1,0.280648,0.298562,0.912194,0,-0.0430607,0.953349,-0.298784,0,-0.958844,0.0445735,0.280412,0,114.514,142.704,0.446916,1]
[-0.995589,-0.0770517,0.053533,0,-0.0655348,0.979417,0.190911,0,-0.0671413,0.186561,-0.980147,0,20.1037,179.07,17.294,1,0.134436,0.0267954,-0.99056,0,0.0397579,0.998684,0.032411,0,0.990124,-0.0437398,0.133194,0,-73.0176,142.8,11.8152,1,0.256451,0.175225,0.950541,0,-0.0854479,0.98369,-0.158282,0,-0.962773,-0.04063,0.267241,0,114.453,143.416,0.748348,1]
[-0.995566,-0.0776781,0.0530484,0,-0.0663988,0.979806,0.188602,0,-0.0666274,0.184243,-0.98062,0,20.0737,179.099,17.3798,1,0.198086,-0.0261433,-0.979836,0,0.0827255,0.996524,-0.00986459,0,0.976688,-0.0791034,0.19956,0,-72.8479,142.968,11.3895,1,0.246349,0.137975,0.95931,0,-0.0260863,0.9904,-0.135747,0,-0.96883,0.00841636,0.247583,0,114.665,142.923,0.946343,1]
[-0.995533,-0.0789238,0.0518177,0,-0.0677781,0.979498,0.189711,0,-0.0657281,0.185351,-0.980472,0,20.0582,179.083,17.4353,1,0.184386,-0.00144772,-0.982853,0,0.100485,0.994787,0.0173859,0,0.977704,-0.101967,0.183571,0,-72.8333,143.018,11.6258,1,0.231451,0.0876124,0.968894,0,0.0499863,0.99355,-0.101783,0,-0.971562,0.0719891,0.225578,0,114.638,142.539,1.44079,1]
[-0.995521,-0.0787377,0.0523272,0,-0.0673611,0.979126,0.191768,0,-0.0663342,0.187384,-0.980045,0,20.0489,179.059,17.4702,1,0.142707,0.01496,-0.989652,0,0.0792737,0.996501,0.0264948,0,0.986585,-0.0822344,0.141022,0,-72.8878,142.678,12.2368,1,0.197449,0.0381557,0.97957,0,0.0232902,0.998778,-0.0435984,0,-0.980036,0.0314229,0.196319,0,114.663,142.583,1.96085,1]
[-0.995525,-0.0799815,0.0503213,0,-0.0689904,0.979098,0.191332,0,-0.0645725,0.187004,-0.980235,0,20.0473,179.054,17.5226,1,0.122388,0.037781,-0.991763,0,0.0707908,0.996398,0.0466935,0,0.989955,-0.0759224,0.119272,0,-72.923,142.499,12.6238,1,0.276405,0.11146,0.954556,0,-0.0575127,0.99339,-0.0993409,0,-0.959319,-0.0274408,0.280988,0,114.465,142.733,1.51181,1]
[-0.995708,-0.0788838,0.048411,0,-0.0681451,0.978774,0.193279,0,-0.0626301,0.18915,-0.979949,0,20.0382,179.04,17.5599,1,0.154413,0.159021,-0.975125,0,0.0379311,0.985281,0.166683,0,0.987278,-0.0627255,0.146108,0,-73.1096,142.445,12.7362,1,0.345174,0.147729,0.926839,0,-0.11366,0.986846,-0.114964,0,-0.931631,-0.0656623,0.357424,0,114.106,142.75,1.11096,1]
[-0.995803,-0.0770542,0.0493822,0,-0.0661609,0.978906,0.193301,0,-0.0632352,0.189222,-0.979896,0,20.0628,179.035,17.5921,1,0.0932876,0.114393,-0.989046,0,0.0751872,0.989732,0.121565,0,0.992796,-0.085704,0.0837288,0,-73.0129,142.757,12.7668,1,0.281526,0.0867323,0.955626,0,-0.132008,0.989938,-0.0509569,0,-0.95043,-0.111805,0.290143,0,114.229,142.686,1.93712,1]
[-0.995557,-0.0782094,0.0524401,0,-0.0667813,0.979053,0.192344,0,-0.0663848,0.187987,-0.979926,0,20.0727,179.04,17.6248,1,0.0982305,0.00252006,-0.995161,0,0.0656127,0.997805,0.00900327,0,0.992998,-0.0661796,0.0978495,0,-72.8742,142.914,12.1909,1,0.28709,-0.00610507,0.957884,0,-0.0313837,0.999383,0.0157756,0,-0.957389,-0.0345909,0.286721,0,114.318,141.874,2.09374,1]
[-0.995308,-0.0798674,0.0546169,0,-0.0679591,0.978853,0.192948,0,-0.0688722,0.188331,-0.979688,0,20.0651,179.05,17.6478,1,0.0871218,-0.00574465,-0.996181,0,0.0440983,0.999025,-0.0019044,0,0.995221,-0.043764,0.0872902,0,-72.7375,142.552,12.2297,1,0.294766,0.115717,0.948537,0,0.00850181,0.992284,-0.123696,0,-0.955532,0.0445255,0.291507,0,114.221,141.035,1.51747,1]
[-0.995433,-0.0811951,0.050211,0,-0.0700402,0.978534,0.193818,0,-0.0648703,0.189416,-0.979752,0,20.0217,179.048,17.6855,1,0.0700781,-0.0373306,-0.996843,0,0.0531563,0.99802,-0.0336378,0,0.996124,-0.0506312,0.0719238,0,-72.5086,142.467,12.3998,1,0.24233,0.0601222,0.968329,0,-0.0413341,0.997812,-0.0516086,0,-0.969313,-0.0275188,0.244284,0,114.175,141.328,1.90529,1]
[-0.995987,-0.0786998,0.042611,0,-0.0690841,0.978772,0.19296,0,-0.0568924,0.189242,-0.980281,0,19.9892,179.044,17.7265,1,0.0439988,-0.080416,-0.99579,0,0.0692943,0.9946,-0.0772581,0,0.996626,-0.0656033,0.0493336,0,-72.3561,142.616,12.6143,1,0.244027,0.0661682,0.967508,0,-0.0643283,0.996577,-0.0519311,0,-0.967632,-0.0495656,0.247448,0,114.036,141.565,1.74105,1]
[-0.996263,-0.0764318,0.0402251,0,-0.0673047,0.978882,0.193027,0,-0.0541291,0.189599,-0.980369,0,20.0018,179.03,17.776,1,0.0557031,-0.0864934,-0.994694,0,0.071633,0.99402,-0.0824233,0,0.995875,-0.0666617,0.0615658,0,-72.2568,142.544,12.4627,1,0.272049,0.132799,0.953076,0,-0.0686335,0.990587,-0.118434,0,-0.959833,-0.0331929,0.278603,0,113.84,141.307,1.14727,1]
[-0.996046,-0.0775619,0.0433144,0,-0.0677682,0.978647,0.194057,0,-0.0574409,0.190354,-0.980034,0,20.0222,179.026,17.852,1,0.0474872,-0.073134,-0.996191,0,0.0520902,0.99614,-0.0706472,0,0.997513,-0.048537,0.0511135,0,-72.2112,142.146,12.6072,1,0.275903,0.0884865,0.957104,0,-0.0476853,0.995787,-0.0783168,0,-0.960002,-0.0240319,0.27896,0,113.745,141.018,1.11217,1]
[-0.995653,-0.0809806,0.0460245,0,-0.0704742,0.978017,0.196255,0,-0.0609056,0.192159,-0.979472,0,20.0413,178.992,17.9204,1,0.0493037,-0.0783868,-0.995703,0,0.0596556,0.995367,-0.0754064,0,0.997001,-0.0556814,0.0537515,0,-72.1524,142.137,12.5088,1,0.241246,0.0892735,0.966349,0,-0.0753745,0.994476,-0.0730549,0,-0.967533,-0.0552139,0.246642,0,113.732,141.253,1.40247,1]
[-0.995641,-0.0816568,0.0450728,0,-0.0710736,0.977155,0.20029,0,-0.0603981,0.196213,-0.9787,0,20.0454,178.935,17.9763,1,0.0576553,-0.0510805,-0.997029,0,0.0593339,0.9971,-0.047653,0,0.996572,-0.0564102,0.0605189,0,-72.1306,142.032,12.4086,1,0.240632,0.102089,0.965233,0,-0.0500203,0.994436,-0.0927072,0,-0.969327,-0.0259729,0.2444,0,113.806,140.901,1.48436,1]
[-0.99587,-0.080043,0.0428528,0,-0.0698549,0.976993,0.201505,0,-0.0579959,0.19768,-0.97855,0,20.0544,178.928,18.0188,1,0.0582159,-0.0537482,-0.996856,0,0.0556622,0.997171,-0.0505145,0,0.996751,-0.0525465,0.0610429,0,-72.1304,141.981,12.3904,1,0.236667,0.123731,0.96368,0,-0.0414205,0.992241,-0.117225,0,-0.970708,-0.0121727,0.239956,0,113.748,140.787,1.4956,1]
[-0.996067,-0.07741,0.0430988,0,-0.0672623,0.977312,0.20084,0,-0.0576681,0.197151,-0.978676,0,20.076,178.922,18.0332,1,0.0558182,-0.0414525,-0.99758,0,0.0349821,0.998606,-0.0395377,0,0.997828,-0.0326906,0.0571904,0,-72.1514,141.704,12.4498,1,0.222607,0.0895456,0.970787,0,-0.0457091,0.995636,-0.0813564,0,-0.973836,-0.0262633,0.225729,0,113.807,140.957,1.72167,1]
[-0.996114,-0.0767157,0.043271,0,-0.0665275,0.977295,0.20117,0,-0.0577214,0.197509,-0.9786,0,20.0836,178.929,18.0403,1,0.0506051,-0.0593794,-0.996952,0,0.0329771,0.997786,-0.0577552,0,0.998174,-0.0299539,0.0524512,0,-72.187,141.74,12.5025,1,0.250834,0.0989269,0.962962,0,-0.0235915,0.995094,-0.0960827,0,-0.967743,0.00138311,0.251937,0,113.908,140.923,1.48733,1]
[-0.996124,-0.0760909,0.0441225,0,-0.065689,0.977154,0.202124,0,-0.0584944,0.198442,-0.978366,0,20.1023,178.912,18.0173,1,0.0406106,-0.0262548,-0.99883,0,0.0371552,0.999003,-0.0247486,0,0.998484,-0.0361066,0.0415457,0,-72.1926,141.857,12.6772,1,0.244073,0.0976054,0.964832,0,-0.0297072,0.995208,-0.0931632,0,-0.969302,-0.00592386,0.245803,0,113.901,141.177,1.5842,1]
[-0.995955,-0.0763279,0.0474083,0,-0.0652931,0.977263,0.201725,0,-0.0617276,0.197814,-0.978294,0,20.1085,178.925,18.0032,1,0.044962,-0.0342901,-0.9984,0,0.0335765,0.998898,-0.0327951,0,0.998424,-0.0320483,0.0460638,0,-72.2683,142.013,12.6206,1,0.227839,0.0971619,0.968839,0,-0.0323035,0.995215,-0.0922104,0,-0.973163,-0.0102877,0.229888,0,113.991,141.451,1.94092,1]
[-0.995809,-0.0767797,0.0497041,0,-0.0652857,0.977278,0.201655,0,-0.0640578,0.197565,-0.978195,0,20.113,178.928,17.9772,1,0.0421402,-0.0433397,-0.998171,0,0.042561,0.99823,-0.0415454,0,0.998205,-0.0407325,0.0439102,0,-72.2774,142.283,12.6801,1,0.230129,0.106643,0.967299,0,-0.0299294,0.994283,-0.102498,0,-0.9727,-0.00536298,0.232005,0,113.974,141.652,2.17583,1]
[-0.995808,-0.0773098,0.0488802,0,-0.0660014,0.977333,0.201158,0,-0.0633237,0.197088,-0.978339,0,20.1031,178.943,17.9506,1,0.0478772,-0.0449193,-0.997843,0,0.0391129,0.998306,-0.0430635,0,0.998087,-0.0369668,0.049553,0,-72.365,142.362,12.5923,1,0.208477,0.0808605,0.974679,0,-0.0233387,0.996704,-0.0776957,0,-0.977749,-0.00654997,0.209677,0,114.036,141.831,2.7194,1]
[-0.995962,-0.0760519,0.047709,0,-0.0650108,0.977439,0.200964,0,-0.0619164,0.197051,-0.978436,0,20.0876,178.946,17.8959,1,0.0452242,-0.0367345,-0.998301,0,0.0313098,0.998885,-0.0353376,0,0.998486,-0.0296585,0.0463239,0,-72.4738,142.345,12.6125,1,0.190618,0.0831582,0.978136,0,-0.0234394,0.996507,-0.0801523,0,-0.981384,-0.00764841,0.191902,0,114.09,142.079,3.08082,1]
[-0.996099,-0.0747621,0.0468885,0,-0.0639295,0.977584,0.200606,0,-0.0608352,0.196826,-0.978549,0,20.0674,178.969,17.8385,1,0.0604771,-0.0364077,-0.997505,0,0.0292261,0.998971,-0.0346893,0,0.997742,-0.0270553,0.0614789,0,-72.6269,142.482,12.3475,1,0.175986,0.0699771,0.981902,0,-0.0301458,0.997385,-0.0656775,0,-0.983931,-0.0180419,0.177636,0,114.173,142.478,3.35333,1]
[-0.996031,-0.0754684,0.0471916,0,-0.064651,0.977824,0.199197,0,-0.0611783,0.195356,-0.978822,0,20.0699,178.989,17.7948,1,0.0608245,-0.0412551,-0.997296,0,0.0304236,0.998758,-0.0394601,0,0.997685,-0.0279412,0.0620041,0,-72.7791,142.737,12.2542,1,0.167477,0.0704245,0.983357,0,-0.0268892,0.997401,-0.0668507,0,-0.985509,-0.0152458,0.168935,0,114.29,142.791,3.48321,1]
[-0.996177,-0.0733117,0.0475021,0,-0.0625128,0.978093,0.198558,0,-0.0610181,0.19483,-0.978937,0,20.0722,178.999,17.7501,1,0.0618385,-0.0385759,-0.997341,0,0.0336086,0.998767,-0.0365472,0,0.99752,-0.0312592,0.0630587,0,-72.9042,143.104,12.172,1,0.173177,0.0941632,0.980379,0,-0.0346648,0.995385,-0.0894812,0,-0.98428,-0.0184886,0.175642,0,114.37,143.218,3.34046,1]
[-0.996288,-0.0728027,0.0459277,0,-0.062383,0.97831,0.197531,0,-0.0593123,0.193932,-0.97922,0,20.0564,179.016,17.715,1,0.0603878,-0.0419825,-0.997292,0,0.0319762,0.998684,-0.0401049,0,0.997663,-0.0294677,0.0616508,0,-73.0726,143.508,12.1505,1,0.17722,0.0538305,0.982698,0,-0.0374931,0.998147,-0.0479153,0,-0.983457,-0.0283529,0.17891,0,114.489,143.612,3.26221,1]
[-0.99652,-0.0702254,0.04491,0,-0.0601881,0.978916,0.195195,0,-0.0576708,0.191812,-0.979736,0,20.0019,179.044,17.701,1,0.0537518,-0.0459931,-0.997495,0,0.0389164,0.998276,-0.043932,0,0.997796,-0.0364574,0.055449,0,-73.1726,144.012,12.1371,1,0.177115,0.0593382,0.9824,0,-0.0361102,0.997901,-0.0537642,0,-0.983527,-0.0259522,0.178886,0,114.534,143.958,3.22795,1]
[-0.996194,-0.0739735,0.0461006,0,-0.0636844,0.978836,0.194486,0,-0.0595117,0.190809,-0.979822,0,19.9438,179.064,17.6786,1,0.0517258,-0.0293269,-0.998231,0,0.0329847,0.999074,-0.0276425,0,0.998117,-0.0314965,0.0526452,0,-73.4077,144.222,11.9273,1,0.146766,0.0543035,0.98768,0,-0.0291032,0.998297,-0.0505626,0,-0.988743,-0.0213238,0.148096,0,114.634,144.158,3.52463,1]
[-0.996041,-0.0759133,0.0462502,0,-0.0655307,0.978613,0.194994,0,-0.0600637,0.191191,-0.979713,0,19.8676,179.068,17.6474,1,0.0653889,-0.0568877,-0.996237,0,0.0287065,0.998068,-0.055108,0,0.997447,-0.024995,0.0668957,0,-73.7418,144.603,11.2451,1,0.14312,0.0353961,0.989072,0,-0.0227098,0.999215,-0.032473,0,-0.989445,-0.0178141,0.143811,0,114.705,144.413,3.46383,1]
[-0.995946,-0.077169,0.0462237,0,-0.0668024,0.978633,0.194459,0,-0.0602423,0.190583,-0.979821,0,19.7752,179.081,17.615,1,0.0724546,-0.0736056,-0.994652,0,0.05106,0.996239,-0.0700036,0,0.996064,-0.0457148,0.0759404,0,-74.0461,145.244,10.5616,1,0.14723,0.0183278,0.988932,0,-0.0354946,0.999282,-0.0132352,0,-0.988465,-0.0331531,0.147775,0,114.86,145.037,3.22974,1]
[-0.99586,-0.0796441,0.043827,0,-0.0698436,0.978923,0.191914,0,-0.0581881,0.188059,-0.980433,0,19.6621,179.117,17.5604,1,0.0904753,-0.082926,-0.99244,0,0.044167,0.995881,-0.079187,0,0.994919,-0.0366686,0.0937652,0,-74.3181,145.568,9.7417,1,0.155641,0.0436902,0.986847,0,-0.0259462,0.998858,-0.0401298,0,-0.987473,-0.0193591,0.156596,0,114.9,145.405,3.00941,1]
[-0.995654,-0.0839743,0.0402689,0,-0.0750896,0.979628,0.186255,0,-0.0550892,0.182422,-0.981676,0,19.5459,179.2,17.493,1,0.10173,-0.0840666,-0.991254,0,0.0487782,0.995646,-0.0794331,0,0.993616,-0.0402708,0.105388,0,-74.468,145.971,9.19859,1,0.135378,0.028885,0.990373,0,-0.035862,0.999063,-0.0242363,0,-0.990145,-0.0322356,0.136287,0,114.887,145.972,3.21717,1]
[-0.995916,-0.0821128,0.0375249,0,-0.0741152,0.980958,0.179523,0,-0.0515515,0.176009,-0.983038,0,19.4567,179.28,17.4337,1,0.098485,-0.0824044,-0.991721,0,0.0560004,0.995445,-0.0771526,0,0.993562,-0.0479384,0.102651,0,-74.5511,146.388,8.96305,1,0.126432,0.0289313,0.991553,0,-0.0418178,0.998841,-0.0238118,0,-0.991094,-0.038454,0.127495,0,114.874,146.442,3.29251,1]
[-0.995961,-0.0821386,0.0362526,0,-0.0745945,0.981734,0.175023,0,-0.0499666,0.171612,-0.983897,0,19.3915,179.33,17.3906,1,0.0949433,-0.0778541,-0.992434,0,0.0613403,0.9955,-0.0722264,0,0.993591,-0.0540188,0.0992916,0,-74.6219,146.61,8.78485,1,0.122609,0.0269759,0.992088,0,-0.0515384,0.998455,-0.0207795,0,-0.991116,-0.0485829,0.12381,0,114.838,146.842,3.34129,1]
[-0.995727,-0.0850859,0.0359001,0,-0.0777704,0.982217,0.170884,0,-0.0498016,0.167362,-0.984637,0,19.3064,179.383,17.3293,1,0.112547,-0.0897361,-0.989586,0,0.057119,0.994851,-0.0837173,0,0.992003,-0.047102,0.117093,0,-74.6779,146.598,8.33738,1,0.114933,0.0307112,0.992898,0,-0.052675,0.998304,-0.024781,0,-0.991976,-0.0494527,0.116356,0,114.812,146.995,3.4328,1]
[-0.995622,-0.0869994,0.03418,0,-0.0800567,0.982422,0.168634,0,-0.0482503,0.16516,-0.985086,0,19.2299,179.414,17.246,1,0.114577,-0.0876902,-0.989537,0,0.0562156,0.995073,-0.0816717,0,0.991823,-0.0462697,0.118942,0,-74.705,146.43,8.18859,1,0.119728,0.0306741,0.992333,0,-0.0502139,0.99843,-0.0248042,0,-0.991536,-0.0468592,0.12108,0,114.813,146.999,3.39041,1]
[-0.995817,-0.0855352,0.0321267,0,-0.0789671,0.982566,0.168307,0,-0.0459628,0.165066,-0.985211,0,19.1654,179.414,17.1733,1,0.115236,-0.0923236,-0.989038,0,0.0506136,0.994924,-0.0869758,0,0.992048,-0.0400361,0.119324,0,-74.7208,146.125,8.1392,1,0.12986,0.0371666,0.990836,0,-0.0507009,0.998239,-0.0307993,0,-0.990235,-0.0462367,0.131516,0,114.796,146.985,3.28698,1]
[-0.995773,-0.0854663,0.0336351,0,-0.0787421,0.982911,0.16639,0,-0.047281,0.163038,-0.985486,0,19.1227,179.436,17.1074,1,0.115969,-0.0818999,-0.989871,0,0.0473076,0.995919,-0.076858,0,0.992126,-0.0379152,0.119371,0,-74.7177,145.873,8.12981,1,0.127131,0.03261,0.99135,0,-0.0490439,0.998444,-0.0265539,0,-0.990673,-0.0452438,0.128533,0,114.719,146.902,3.40098,1]
[-0.995536,-0.0868743,0.0368987,0,-0.0797324,0.983266,0.163801,0,-0.0505113,0.160127,-0.985803,0,19.076,179.471,17.0561,1,0.113763,-0.0844951,-0.989908,0,0.0472393,0.99571,-0.0795614,0,0.992384,-0.0377114,0.117266,0,-74.7167,145.747,8.17584,1,0.121412,0.0402032,0.991788,0,-0.0440314,0.998414,-0.0350816,0,-0.991625,-0.0394104,0.122989,0,114.665,146.775,3.53327,1]
[-0.995389,-0.0875284,0.0392468,0,-0.0801704,0.983749,0.160656,0,-0.052671,0.156769,-0.98623,0,19.0135,179.501,16.9997,1,0.106239,-0.0809119,-0.991043,0,0.0471477,0.995973,-0.0762602,0,0.993222,-0.0386236,0.109625,0,-74.6879,145.574,8.33136,1,0.12211,0.044926,0.991499,0,-0.045309,0.998186,-0.0396488,0,-0.991482,-0.0400823,0.123924,0,114.614,146.68,3.56677,1]
[-0.995329,-0.0888539,0.03776,0,-0.0818463,0.984023,0.158112,0,-0.0512056,0.154283,-0.986699,0,18.9348,179.527,16.9447,1,0.100771,-0.083778,-0.991376,0,0.0449851,0.995813,-0.0795803,0,0.993892,-0.0365778,0.104117,0,-74.6824,145.407,8.44624,1,0.132752,0.0454478,0.990107,0,-0.0456245,0.998169,-0.0397006,0,-0.990099,-0.0399028,0.134582,0,114.583,146.584,3.43871,1]
[-0.995427,-0.0889248,0.0348971,0,-0.0824847,0.984379,0.155548,0,-0.0481841,0.151958,-0.987212,0,18.8488,179.539,16.8964,1,0.106199,-0.0741632,-0.991575,0,0.0429626,0.996626,-0.0699396,0,0.993416,-0.0351731,0.109027,0,-74.7219,145.248,8.39328,1,0.132909,0.0423836,0.990222,0,-0.0406379,0.998478,-0.0372825,0,-0.990295,-0.0352854,0.134429,0,114.544,146.443,3.43977,1]
[-0.995427,-0.0895827,0.033172,0,-0.0834388,0.984435,0.154681,0,-0.0465124,0.151206,-0.987408,0,18.7744,179.565,16.8655,1,0.108314,-0.083713,-0.990586,0,0.0439917,0.995876,-0.0793498,0,0.993143,-0.0349828,0.11155,0,-74.7277,145.198,8.36259,1,0.133064,0.053168,0.98968,0,-0.0416464,0.997978,-0.0480143,0,-0.990232,-0.0348277,0.135009,0,114.486,146.431,3.44007,1]
[-0.995373,-0.0904257,0.0324892,0,-0.0844682,0.984657,0.152695,0,-0.0457983,0.149244,-0.987739,0,18.7335,179.588,16.8413,1,0.100415,-0.0764566,-0.992004,0,0.0382303,0.996603,-0.0729413,0,0.994211,-0.0306003,0.102996,0,-74.7201,145.062,8.49754,1,0.130764,0.0400312,0.990605,0,-0.0384306,0.998638,-0.0352829,0,-0.990668,-0.0334559,0.132124,0,114.467,146.331,3.46494,1]
[-0.995302,-0.0917064,0.0310611,0,-0.0859896,0.984666,0.151782,0,-0.0445043,0.148398,-0.987926,0,18.6825,179.587,16.8384,1,0.103888,-0.0801634,-0.991353,0,0.0407864,0.996251,-0.0762853,0,0.993752,-0.0325086,0.106768,0,-74.7448,145.07,8.45319,1,0.133027,0.0481043,0.989944,0,-0.0358834,0.9984,-0.0436933,0,-0.990463,-0.0297102,0.13454,0,114.456,146.278,3.37369,1]
[-0.995405,-0.0903141,0.031817,0,-0.0845064,0.984817,0.151639,0,-0.045029,0.148253,-0.987924,0,18.6636,179.584,16.8325,1,0.105343,-0.0842591,-0.99086,0,0.0385968,0.996,-0.0805928,0,0.993687,-0.0297542,0.108174,0,-74.7676,145.027,8.45042,1,0.135934,0.0461979,0.98964,0,-0.0376608,0.998431,-0.0414353,0,-0.990002,-0.0316382,0.137461,0,114.451,146.322,3.30396,1]
[-0.995317,-0.0905084,0.0339512,0,-0.0843668,0.98478,0.151957,0,-0.0471879,0.148381,-0.987804,0,18.6809,179.584,16.8195,1,0.105565,-0.0824179,-0.990991,0,0.0366702,0.996204,-0.0789452,0,0.993736,-0.028006,0.108187,0,-74.7775,145.034,8.48713,1,0.140293,0.0436693,0.989147,0,-0.0399345,0.998464,-0.0384166,0,-0.989304,-0.0341115,0.141821,0,114.451,146.387,3.20687,1]
[-0.995237,-0.0906933,0.0357448,0,-0.0843111,0.984871,0.151398,0,-0.0489348,0.147664,-0.987826,0,18.6733,179.592,16.8171,1,0.102381,-0.0828425,-0.99129,0,0.0380174,0.996124,-0.0793201,0,0.994019,-0.0295654,0.105133,0,-74.7969,145.093,8.54576,1,0.139106,0.048278,0.9891,0,-0.0410503,0.998233,-0.0429505,0,-0.989426,-0.0346282,0.140842,0,114.437,146.441,3.17607,1]
[-0.995109,-0.0918148,0.0364396,0,-0.0853378,0.984842,0.151007,0,-0.0497519,0.147158,-0.987861,0,18.655,179.614,16.8145,1,0.107897,-0.0879125,-0.990268,0,0.0379629,0.99572,-0.0842602,0,0.993437,-0.028502,0.110772,0,-74.826,145.139,8.48762,1,0.139791,0.0491108,0.988962,0,-0.0427065,0.998139,-0.0435299,0,-0.98926,-0.03615,0.141628,0,114.425,146.534,3.16114,1]
[-0.995354,-0.0891762,0.0362958,0,-0.082816,0.985267,0.149633,0,-0.0491048,0.145932,-0.988075,0,18.6449,179.603,16.82,1,0.105645,-0.0849913,-0.990765,0,0.0394399,0.995915,-0.0812276,0,0.993621,-0.0304944,0.108566,0,-74.8362,145.176,8.55548,1,0.138618,0.0495173,0.989107,0,-0.0450894,0.998029,-0.0436449,0,-0.989319,-0.0385483,0.140578,0,114.375,146.577,3.2295,1]
[-0.99526,-0.0891803,0.038782,0,-0.0824833,0.985372,0.149125,0,-0.0515138,0.14522,-0.988058,0,18.6391,179.613,16.8445,1,0.108793,-0.0871635,-0.990236,0,0.0387726,0.995762,-0.0833903,0,0.993308,-0.0293218,0.111711,0,-74.8544,145.181,8.5512,1,0.13227,0.0531198,0.989789,0,-0.0426655,0.997943,-0.0478558,0,-0.990295,-0.0359,0.134264,0,114.352,146.472,3.3561,1]
[-0.99508,-0.0914292,0.0381656,0,-0.0848082,0.9852,0.148958,0,-0.0512199,0.144989,-0.988107,0,18.6288,179.631,16.8799,1,0.105866,-0.0881321,-0.990467,0,0.0388148,0.995672,-0.0844465,0,0.993623,-0.0295048,0.108828,0,-74.8368,145.19,8.65633,1,0.13435,0.0440008,0.989957,0,-0.0392685,0.998465,-0.0390497,0,-0.990156,-0.0336277,0.135872,0,114.359,146.374,3.35538,1]
[-0.99533,-0.0894838,0.0361975,0,-0.0832229,0.985501,0.147857,0,-0.0489035,0.144154,-0.988346,0,18.6071,179.634,16.9226,1,0.10217,-0.0822832,-0.991358,0,0.0373744,0.996187,-0.0788322,0,0.994065,-0.0289971,0.104856,0,-74.8293,145.16,8.77254,1,0.141562,0.049785,0.988677,0,-0.0406834,0.998183,-0.0444385,0,-0.989093,-0.0339319,0.14333,0,114.351,146.342,3.28095,1]
[-0.995366,-0.0900929,0.0336251,0,-0.0841371,0.985229,0.149144,0,-0.0465653,0.145624,-0.988244,0,18.5893,179.609,16.9825,1,0.109415,-0.0865582,-0.99022,0,0.0382625,0.99583,-0.0828207,0,0.99326,-0.0288265,0.112271,0,-74.843,145.19,8.72862,1,0.137533,0.0421227,0.989601,0,-0.0394692,0.998535,-0.0370177,0,-0.989711,-0.0339677,0.138994,0,114.342,146.333,3.39861,1]
[-0.995262,-0.090754,0.0348952,0,-0.084627,0.985252,0.148718,0,-0.0478773,0.14506,-0.988264,0,18.6117,179.61,17.0198,1,0.105986,-0.0867923,-0.990573,0,0.0409385,0.99572,-0.0828631,0,0.993525,-0.0317702,0.109086,0,-74.8233,145.225,8.81066,1,0.13537,0.0472391,0.989668,0,-0.0434752,0.998184,-0.0416989,0,-0.989841,-0.0373812,0.137178,0,114.334,146.398,3.50382,1]
[-0.995347,-0.0889723,0.0369982,0,-0.0825939,0.985533,0.147996,0,-0.0496305,0.144251,-0.988296,0,18.6237,179.606,17.0543,1,0.101351,-0.0887753,-0.990882,0,0.0376502,0.995639,-0.0853506,0,0.994138,-0.0286566,0.104251,0,-74.8078,145.165,8.92193,1,0.134771,0.0512469,0.989551,0,-0.0437173,0.997997,-0.0457303,0,-0.989912,-0.0370974,0.136742,0,114.316,146.347,3.5872,1]
[-0.995296,-0.0897763,0.0364212,0,-0.0833872,0.985205,0.149725,0,-0.0493241,0.145984,-0.988057,0,18.6244,179.594,17.0916,1,0.105343,-0.0864037,-0.990675,0,0.0389883,0.995811,-0.0827058,0,0.993671,-0.0299122,0.108271,0,-74.7822,145.083,8.91919,1,0.133233,0.0496462,0.989841,0,-0.0386203,0.998246,-0.0448695,0,-0.990332,-0.0322498,0.134917,0,114.299,146.195,3.67527,1]
[-0.995376,-0.0888132,0.0365891,0,-0.0824098,0.985289,0.149715,0,-0.0493475,0.146007,-0.988052,0,18.6295,179.59,17.1266,1,0.105559,-0.0886546,-0.990453,0,0.0316259,0.995813,-0.0857638,0,0.99391,-0.0222709,0.10792,0,-74.7519,144.904,8.92847,1,0.133494,0.0493534,0.98982,0,-0.0371751,0.998306,-0.0447628,0,-0.990352,-0.0308211,0.135102,0,114.306,146.112,3.6803,1]
[-0.995395,-0.0892007,0.0350935,0,-0.0830534,0.985364,0.148864,0,-0.0478586,0.145264,-0.988235,0,18.6329,179.592,17.157,1,0.10497,-0.0832947,-0.990981,0,0.0313978,0.996267,-0.0804131,0,0.99398,-0.0226736,0.107194,0,-74.7306,144.805,8.92588,1,0.138364,0.0527217,0.988977,0,-0.037732,0.998138,-0.0479311,0,-0.989662,-0.0306841,0.140096,0,114.321,146.077,3.59499,1]
[-0.995486,-0.0885382,0.0341969,0,-0.0825448,0.98546,0.148512,0,-0.0468487,0.145019,-0.988319,0,18.6393,179.593,17.2109,1,0.108897,-0.091632,-0.989821,0,0.0295445,0.995601,-0.0889167,0,0.993614,-0.019561,0.111126,0,-74.7105,144.743,8.8146,1,0.136145,0.0532562,0.989256,0,-0.0363395,0.998151,-0.0487339,0,-0.990022,-0.0293142,0.137828,0,114.334,146.031,3.63297,1]
[-0.995377,-0.0892267,0.035537,0,-0.0830103,0.985354,0.148953,0,-0.0483071,0.145315,-0.988206,0,18.6583,179.587,17.2534,1,0.107942,-0.0875226,-0.990297,0,0.0279453,0.995991,-0.0849798,0,0.993764,-0.0185013,0.109955,0,-74.7217,144.71,8.74749,1,0.140453,0.0557897,0.988514,0,-0.0356495,0.998049,-0.0512626,0,-0.989445,-0.0280401,0.142168,0,114.364,146.038,3.55811,1]
[-0.99524,-0.0897242,0.0380314,0,-0.0831381,0.985338,0.148989,0,-0.0508417,0.145118,-0.988107,0,18.6793,179.588,17.2916,1,0.119227,-0.0940358,-0.988404,0,0.0292314,0.995406,-0.0911759,0,0.992437,-0.0180219,0.121428,0,-74.7534,144.772,8.47353,1,0.144334,0.0582522,0.987813,0,-0.0396555,0.997804,-0.0530471,0,-0.988734,-0.0315157,0.146327,0,114.369,146.168,3.51589,1]
[-0.995056,-0.0915874,0.0384232,0,-0.0848831,0.985065,0.149808,0,-0.0515699,0.145805,-0.987968,0,18.7081,179.595,17.2992,1,0.1216,-0.0941041,-0.988108,0,0.0267504,0.995445,-0.0915109,0,0.992219,-0.0153046,0.123563,0,-74.7758,144.729,8.28638,1,0.135281,0.0575614,0.989134,0,-0.038784,0.997854,-0.0527645,0,-0.990048,-0.0312245,0.137223,0,114.429,146.195,3.53489,1]
[-0.995177,-0.0910315,0.0365416,0,-0.0847159,0.985404,0.147654,0,-0.0494494,0.143846,-0.988364,0,18.733,179.62,17.3372,1,0.120088,-0.0687375,-0.990381,0,0.0274466,0.997449,-0.0659,0,0.992384,-0.0192688,0.121668,0,-74.7536,144.542,8.32961,1,0.135405,0.0516657,0.989442,0,-0.0348311,0.99827,-0.04736,0,-0.990178,-0.0280506,0.13697,0,114.53,146.023,3.47172,1]
[-0.995258,-0.0900567,0.0367582,0,-0.0837156,0.985478,0.147731,0,-0.0495285,0.143953,-0.988344,0,18.8011,179.608,17.3538,1,0.108221,-0.066258,-0.991916,0,0.0315868,0.997502,-0.0631849,0,0.993625,-0.0244936,0.110044,0,-74.5953,144.13,8.71648,1,0.124171,0.0289622,0.991838,0,-0.0197886,0.999447,-0.026707,0,-0.992063,-0.0163109,0.124676,0,114.61,145.344,3.6145,1]
[-0.994934,-0.0931339,0.0378447,0,-0.0864811,0.984874,0.150145,0,-0.0512559,0.146111,-0.98794,0,18.926,179.579,17.3497,1,0.0925277,-0.0677082,-0.993405,0,0.030128,0.997419,-0.0651756,0,0.995254,-0.0238987,0.0943289,0,-74.2631,143.315,9.43929,1,0.124984,0.0287834,0.991741,0,-0.00491209,0.999585,-0.028392,0,-0.992147,-0.00132297,0.125074,0,114.692,144.513,3.73108,1]
[-0.995036,-0.0922838,0.03725,0,-0.085402,0.983986,0.156455,0,-0.0510918,0.152497,-0.986982,0,19.0692,179.514,17.3087,1,0.0762595,-0.0841479,-0.993531,0,0.00909062,0.99645,-0.0836974,0,0.997047,-0.00264909,0.0767537,0,-73.6677,141.705,10.3739,1,0.113313,0.0181568,0.993393,0,-0.00629811,0.999826,-0.0175559,0,-0.993539,-0.00426717,0.113408,0,114.638,143.575,4.16079,1]
[-0.995132,-0.092885,0.0329306,0,-0.0865256,0.983446,0.159211,0,-0.0471737,0.155586,-0.986695,0,19.2469,179.476,17.2528,1,0.0477159,-0.0443999,-0.997874,0,-0.0219437,0.998724,-0.045487,0,0.99862,0.0240674,0.0466807,0,-72.9639,139.559,11.372,1,0.0909878,0.021557,0.995619,0,0.0223375,0.99947,-0.0236818,0,-0.995601,0.0243944,0.090458,0,114.621,141.787,4.73223,1]
[-0.994794,-0.0956653,0.0351115,0,-0.0889311,0.983222,0.159267,0,-0.0497587,0.155316,-0.986611,0,19.4331,179.463,17.1547,1,0.0345518,-0.0589164,-0.997665,0,-0.0341158,0.997609,-0.0600947,0,0.998821,0.0361125,0.0324592,0,-72.1676,137.377,12.0009,1,0.113557,0.0176742,0.993374,0,0.0489561,0.998528,-0.0233623,0,-0.992325,0.0512847,0.112525,0,114.427,139.487,4.89303,1]
[-0.994607,-0.097503,0.035364,0,-0.090629,0.982814,0.160817,0,-0.0504364,0.156745,-0.986351,0,19.6032,179.465,17.0379,1,0.0215586,-0.0642802,-0.997699,0,-0.0468989,0.996767,-0.0652335,0,0.998667,0.0481973,0.0184743,0,-71.4412,135.297,12.546,1,0.0907477,0.00719877,0.995848,0,0.0821898,0.996508,-0.0146932,0,-0.992477,0.0831819,0.0898392,0,114.178,137.097,5.54054,1]
[-0.99486,-0.0944605,0.0364838,0,-0.087503,0.983275,0.159728,0,-0.0509616,0.155715,-0.986487,0,19.7558,179.479,16.9138,1,0.00743628,-0.0513501,-0.998653,0,-0.0781997,0.995592,-0.051775,0,0.99691,0.0784794,0.00338793,0,-70.4904,132.78,13.0895,1,0.0925667,0.021241,0.99548,0,0.119482,0.992311,-0.0322837,0,-0.988512,0.121931,0.089317,0,113.672,134.312,5.94037,1]
[-0.994428,-0.100247,0.0326144,0,-0.093977,0.983182,0.156595,0,-0.0477639,0.152657,-0.987124,0,19.8883,179.52,16.8069,1,0.00182718,-0.0652965,-0.997864,0,-0.0851298,0.994233,-0.0652148,0,0.996368,0.0850672,-0.00374204,0,-69.6264,130.737,13.3649,1,0.0671495,-0.0238513,0.997458,0,0.137514,0.990395,0.0144249,0,-0.988221,0.136195,0.0697844,0,112.968,131.787,6.6057,1]
[-0.994521,-0.100767,0.0278128,0,-0.0955188,0.984083,0.149855,0,-0.0424706,0.146378,-0.988317,0,19.9471,179.574,16.7639,1,-0.0151333,-0.0741705,-0.997131,0,-0.097576,0.992595,-0.0723522,0,0.995113,0.0962011,-0.0222585,0,-68.5788,128.326,13.6876,1,0.0593579,0.00469775,0.998226,0,0.17242,0.984911,-0.0148878,0,-0.983233,0.172998,0.0576523,0,112.088,128.717,7.1209,1]
[-0.994687,-0.0996337,0.0258886,0,-0.0946536,0.98407,0.150487,0,-0.0404697,0.147237,-0.988273,0,19.9855,179.566,16.7258,1,-0.0350205,-0.0508807,-0.998091,0,-0.123168,0.991309,-0.0462134,0,0.991768,0.121315,-0.0409831,0,-67.6528,125.831,13.8569,1,0.0441139,-0.0237601,0.998744,0,0.212549,0.977052,0.0138559,0,-0.976154,0.211671,0.0481519,0,111.006,125.627,7.47821,1]
[-0.994475,-0.10346,0.0177535,0,-0.099664,0.983688,0.149749,0,-0.0329569,0.147152,-0.988565,0,20.02,179.546,16.6739,1,-0.0219525,-0.044608,-0.998763,0,-0.154435,0.987164,-0.0406955,0,0.987759,0.153351,-0.0285597,0,-66.6313,123.15,13.6415,1,0.0364138,-0.0323913,0.998812,0,0.257976,0.965903,0.021919,0,-0.965465,0.256871,0.0435283,0,109.81,122.255,7.59065,1]
[-0.995587,-0.0929133,0.0131643,0,-0.0898513,0.984301,0.151916,0,-0.0270725,0.150063,-0.988306,0,20.0477,179.526,16.6286,1,-0.0258424,-0.0513168,-0.998348,0,-0.175336,0.983433,-0.0460116,0,0.984169,0.173858,-0.0344119,0,-65.5218,120.824,13.6883,1,0.0558136,-0.0494508,0.997216,0,0.294871,0.955039,0.0308555,0,-0.953906,0.292328,0.0678859,0,108.523,119.287,7.43046,1]
[-0.995526,-0.0936116,0.0128616,0,-0.0905862,0.984228,0.151949,0,-0.0268829,0.150104,-0.988305,0,20.0983,179.528,16.591,1,-0.0495224,-0.0274076,-0.998397,0,-0.196868,0.98028,-0.0171452,0,0.979178,0.195704,-0.0539416,0,-64.2698,118.43,13.941,1,0.0134877,-0.0922927,0.995641,0,0.318066,0.944408,0.0832348,0,-0.947973,0.315557,0.042093,0,106.984,116.549,7.98581,1]
[-0.995439,-0.0940114,0.0162368,0,-0.0904759,0.984242,0.151925,0,-0.0302637,0.149763,-0.988259,0,20.1298,179.531,16.5542,1,-0.0574647,-0.0341554,-0.997763,0,-0.231059,0.972734,-0.0199911,0,0.971241,0.229394,-0.0637898,0,-62.8286,115.774,14.0142,1,-0.0199611,-0.0870654,0.996003,0,0.363448,0.927415,0.0883538,0,-0.931401,0.363759,0.0131316,0,105.035,113.328,8.50616,1]
[-0.995288,-0.0956219,0.0160883,0,-0.0920923,0.984101,0.151868,0,-0.0303544,0.14967,-0.98827,0,20.1261,179.536,16.5263,1,-0.0654277,-0.0219012,-0.997617,0,-0.24359,0.969864,-0.00531632,0,0.967669,0.242662,-0.0687909,0,-61.7693,113.993,14.0249,1,-0.0125769,-0.0872501,0.996107,0,0.395068,0.914701,0.0851078,0,-0.918566,0.3946,0.0229656,0,103.639,111.09,8.46077,1]
[-0.995484,-0.0934524,0.0166635,0,-0.0898516,0.984261,0.152174,0,-0.0306222,0.149989,-0.988213,0,20.092,179.544,16.5026,1,-0.0946885,0.0106017,-0.995451,0,-0.260561,0.964821,0.0350603,0,0.960803,0.262695,-0.088595,0,-60.3216,111.634,14.1696,1,-0.0722361,-0.133882,0.988361,0,0.403525,0.902302,0.151717,0,-0.912113,0.409788,-0.0111542,0,101.818,108.587,8.78408,1]
[-0.995523,-0.0930219,0.0167857,0,-0.0894796,0.984652,0.149846,0,-0.0304671,0.147673,-0.988567,0,20.038,179.561,16.498,1,-0.10537,0.0193286,-0.994245,0,-0.281703,0.958276,0.0484841,0,0.953699,0.28519,-0.0955288,0,-59.3311,109.942,14.0806,1,-0.0654988,-0.15468,0.985791,0,0.436926,0.883727,0.167696,0,-0.89711,0.441702,0.00970083,0,100.215,106.365,8.55287,1]
[-0.995072,-0.0971597,0.0197877,0,-0.093152,0.984411,0.14919,0,-0.0339745,0.146612,-0.988611,0,20.0167,179.574,16.4937,1,-0.105217,0.0253198,-0.994127,0,-0.304786,0.950745,0.0564732,0,0.946591,0.308938,-0.0923178,0,-58.2167,108.119,13.7828,1,-0.122758,-0.183122,0.975396,0,0.460007,0.860377,0.219422,0,-0.879389,0.475624,-0.021381,0,98.4993,104.291,8.83229,1]
[-0.994995,-0.0979702,0.019694,0,-0.0940229,0.984571,0.147579,0,-0.0338485,0.144989,-0.988854,0,19.9978,179.594,16.5118,1,-0.102367,0.0228454,-0.994484,0,-0.318809,0.946248,0.0545537,0,0.942275,0.322635,-0.0895808,0,-57.0697,106.532,13.5388,1,-0.14061,-0.194936,0.970685,0,0.477049,0.845769,0.238954,0,-0.867556,0.496663,-0.0259295,0,96.9173,102.472,8.88128,1]
[-0.995556,-0.092195,0.019185,0,-0.0884677,0.985474,0.144966,0,-0.0322715,0.142624,-0.989251,0,19.9589,179.62,16.5748,1,-0.126588,0.0472928,-0.990828,0,-0.328162,0.940623,0.0868223,0,0.936101,0.336142,-0.103552,0,-55.8701,104.978,13.6202,1,-0.182058,-0.215751,0.959326,0,0.465419,0.840511,0.277355,0,-0.866164,0.496983,-0.0526069,0,95.3374,100.914,9.27351,1]
[-0.995545,-0.0927076,0.0171904,0,-0.0893124,0.985648,0.143251,0,-0.0302241,0.141077,-0.989537,0,19.9291,179.631,16.643,1,-0.160459,0.0518724,-0.985679,0,-0.34361,0.933219,0.105048,0,0.925303,0.355545,-0.13192,0,-54.4298,103.301,13.79,1,-0.18494,-0.200692,0.96204,0,0.492674,0.828093,0.26746,0,-0.850335,0.523436,-0.0542711,0,93.6368,99.221,9.27627,1]
[-0.995741,-0.0901326,0.019396,0,-0.0863518,0.98546,0.146326,0,-0.0323028,0.144028,-0.989046,0,19.9529,179.593,16.6765,1,-0.15119,0.0513609,-0.98717,0,-0.366171,0.924696,0.104192,0,0.918183,0.377225,-0.120998,0,-53.2463,101.698,13.4279,1,-0.285329,-0.277668,0.917326,0,0.489411,0.780711,0.388544,0,-0.824053,0.559813,-0.0868661,0,91.3744,97.1876,9.51299,1]
[-0.995874,-0.0870593,0.0256024,0,-0.0823044,0.98537,0.149238,0,-0.0382204,0.146515,-0.98847,0,19.9629,179.588,16.7018,1,-0.181713,0.102376,-0.978008,0,-0.389973,0.905511,0.167244,0,0.902719,0.411787,-0.124619,0,-51.8241,99.8464,13.3611,1,-0.322626,-0.264766,0.908742,0,0.507635,0.761926,0.402213,0,-0.798887,0.591073,-0.111413,0,89.3368,95.3385,9.50553,1]
[-0.995796,-0.0867956,0.029278,0,-0.0815661,0.98565,0.147788,0,-0.0416853,0.144779,-0.988586,0,19.9561,179.595,16.7339,1,-0.189484,0.0750711,-0.97901,0,-0.409924,0.899975,0.14835,0,0.892221,0.42943,-0.139757,0,-50.6777,98.6441,13.4156,1,-0.293912,-0.273476,0.915875,0,0.53953,0.743485,0.395141,0,-0.789001,0.610279,-0.0709707,0,87.7703,93.7881,8.81274,1]
[-0.995554,-0.0890727,0.0306405,0,-0.083547,0.985224,0.149508,0,-0.0435049,0.146284,-0.988286,0,19.9086,179.574,16.7453,1,-0.195687,0.0806917,-0.977341,0,-0.416768,0.895288,0.157364,0,0.8877,0.438118,-0.141567,0,-49.4332,97.4319,13.353,1,-0.325639,-0.289412,0.900111,0,0.548663,0.717475,0.429183,0,-0.770018,0.633616,-0.0748483,0,85.9058,92.1939,8.66261,1]
[-0.995752,-0.086687,0.03105,0,-0.0813563,0.98619,0.144257,0,-0.0431264,0.141118,-0.989053,0,19.8356,179.626,16.811,1,-0.211575,0.0811428,-0.973988,0,-0.44386,0.879877,0.16972,0,0.870761,0.468223,-0.150144,0,-48.2178,96.1005,13.3632,1,-0.341063,-0.28441,0.895984,0,0.555066,0.708305,0.436126,0,-0.758668,0.646077,-0.0837106,0,84.1762,90.9702,8.83267,1]
[-0.995786,-0.0862625,0.0311232,0,-0.0809456,0.986291,0.143799,0,-0.0431009,0.140673,-0.989118,0,19.7469,179.637,16.8738,1,-0.226901,0.116103,-0.966973,0,-0.449752,0.868169,0.209774,0,0.863852,0.482495,-0.144771,0,-46.9803,94.9166,13.283,1,-0.436939,-0.320213,0.840564,0,0.515281,0.676851,0.525698,0,-0.737272,0.662825,-0.130743,0,81.9546,89.6462,9.48238,1]
[-0.995801,-0.0866184,0.0296357,0,-0.0814704,0.986119,0.144682,0,-0.0417563,0.14166,-0.989034,0,19.6797,179.64,16.9169,1,-0.266231,0.122515,-0.956092,0,-0.468456,0.850428,0.23942,0,0.84242,0.511627,-0.169018,0,-45.4548,93.6086,13.5125,1,-0.459403,-0.286825,0.840643,0,0.530486,0.670493,0.518675,0,-0.712414,0.68423,-0.15587,0,80.0937,88.5852,9.91318,1]
[-0.995677,-0.0886021,0.0278897,0,-0.0837203,0.986066,0.143751,0,-0.0402377,0.140794,-0.989221,0,19.616,179.637,16.9684,1,-0.259184,0.120268,-0.958311,0,-0.480831,0.844449,0.236024,0,0.837631,0.521959,-0.161039,0,-44.297,92.6042,13.3068,1,-0.473502,-0.297675,0.828967,0,0.538301,0.647138,0.539856,0,-0.697157,0.701856,-0.146183,0,78.212,87.4134,9.82482,1]
[-0.995724,-0.0884186,0.0267693,0,-0.0835694,0.985606,0.146957,0,-0.0393777,0.144091,-0.988781,0,19.5678,179.606,16.9986,1,-0.30218,0.152572,-0.940962,0,-0.48323,0.826358,0.289174,0,0.821691,0.542084,-0.175982,0,-42.8357,91.448,13.3898,1,-0.593822,-0.337479,0.7304,0,0.457443,0.605189,0.651531,0,-0.661908,0.721009,-0.204997,0,76.1601,86.429,10.4177,1]
[-0.996232,-0.0817344,0.0290099,0,-0.0766916,0.986389,0.145447,0,-0.040503,0.142674,-0.988941,0,19.5511,179.598,17.0313,1,-0.345125,0.146118,-0.927113,0,-0.495622,0.810475,0.312234,0,0.797024,0.567257,-0.207296,0,-41.416,90.3629,13.6518,1,-0.577169,-0.278003,0.767848,0,0.515431,0.605298,0.606586,0,-0.633409,0.745875,-0.206068,0,74.7074,85.5562,10.5171,1]
[-0.995788,-0.0868433,0.0294018,0,-0.0816758,0.985925,0.145882,0,-0.0416569,0.142867,-0.988865,0,19.5548,179.583,17.04,1,-0.30661,0.136224,-0.942037,0,-0.517677,0.806664,0.28514,0,0.79875,0.575097,-0.176811,0,-40.5016,89.5473,13.1384,1,-0.540641,-0.272408,0.795928,0,0.555114,0.595379,0.580837,0,-0.632104,0.755855,-0.170669,0,73.6967,84.84,10.1097,1]
[-0.995932,-0.0845165,0.0312365,0,-0.0789394,0.985565,0.149767,0,-0.0434434,0.146692,-0.988228,0,19.567,179.544,17.0172,1,-0.33004,0.165214,-0.929397,0,-0.520134,0.78979,0.325103,0,0.78774,0.590708,-0.174729,0,-39.2375,88.5475,12.8544,1,-0.571402,-0.281782,0.770778,0,0.539409,0.578875,0.611507,0,-0.618496,0.765181,-0.178775,0,72.5834,84.2563,10.2341,1]
[-0.996197,-0.0811834,0.0316386,0,-0.0756328,0.986,0.148607,0,-0.04326,0.145649,-0.98839,0,19.5797,179.549,16.9922,1,-0.395342,0.192026,-0.898238,0,-0.521458,0.75812,0.391581,0,0.756166,0.623201,-0.199583,0,-37.5335,87.3579,12.9952,1,-0.62057,-0.276641,0.733732,0,0.515859,0.560693,0.647699,0,-0.590578,0.780444,-0.205241,0,71.2485,83.7376,10.6238,1]
[-0.996192,-0.0810073,0.0322275,0,-0.07545,0.986276,0.146857,0,-0.0436817,0.143866,-0.988633,0,19.5914,179.571,16.9631,1,-0.416482,0.19418,-0.888165,0,-0.520584,0.749975,0.408082,0,0.745342,0.632323,-0.211264,0,-36.3427,86.7025,13.1159,1,-0.677585,-0.274077,0.682467,0,0.477392,0.541978,0.691634,0,-0.559443,0.794444,-0.236394,0,69.7464,83.2251,11.1136,1]
[-0.996095,-0.0801365,0.0370482,0,-0.0740123,0.986743,0.144428,0,-0.048131,0.141122,-0.988822,0,19.5847,179.608,16.972,1,-0.437741,0.184603,-0.879946,0,-0.522304,0.74441,0.415996,0,0.731835,0.641698,-0.229439,0,-35.2087,86.1233,13.337,1,-0.736297,-0.273968,0.618715,0,0.423836,0.526048,0.737317,0,-0.527475,0.805118,-0.27121,0,68.1995,82.7214,11.599,1]
[-0.995945,-0.0800389,0.0410737,0,-0.0734393,0.987041,0.142675,0,-0.0519609,0.13908,-0.988917,0,19.5597,179.619,16.988,1,-0.491585,0.207993,-0.845626,0,-0.50316,0.724721,0.470755,0,0.710756,0.656901,-0.251609,0,-33.6881,85.329,13.5448,1,-0.753027,-0.264384,0.602537,0,0.421492,0.509361,0.750264,0,-0.505267,0.818934,-0.272127,0,66.7167,82.1245,11.651,1]
